Lines	Bf	Sd	KMP	RK	FSM	Z
5	3750	9270	2720	21727	20111	21727	
8	3886	9560	2912	27096	27345	27096	
11	5353	11744	3638	37358	37361	37358	
14	11037	24316	6200	70128	70645	70128	
17	6037	18226	3400	45769	44840	45769	
20	5069	13428	3396	40618	41155	40618	
23	4907	14601	3244	39421	39572	39421	
26	4476	12075	2814	36830	36773	36830	
29	5468	14332	3481	44257	44985	44257	
32	5926	15113	3392	46966	48102	46966	
35	6566	18014	4119	55226	54925	55226	
38	7577	20621	4603	66342	64203	66342	
41	7516	22064	4683	64108	64069	64108	
44	8338	21517	5090	67163	67575	67163	
47	8381	22070	4959	68699	69278	68699	
50	8531	22813	6035	70738	73325	70738	
53	9900	29675	5693	79946	81643	79946	
56	9392	24433	5862	76484	79571	76484	
59	10458	27280	6552	86839	84952	86839	
62	12939	36764	7486	102228	102870	102228	
65	13101	38170	8006	106487	108849	106487	
68	13480	33832	7782	105792	107216	105792	
71	13715	38421	8130	111462	112065	111462	
74	13602	36460	8093	112420	112818	112420	
77	13893	38436	8157	115495	115027	115495	
80	14978	44546	8945	121942	123323	121942	
83	14649	40788	8569	119546	122479	119546	
86	15431	45867	9441	129509	125594	129509	
89	16101	43190	9762	135802	129718	135802	
92	15266	44228	9085	138105	137197	138105	
95	16807	47553	10270	142181	144695	142181	
98	17470	50692	9926	146227	143396	146227	
101	17692	53674	10330	157126	158287	157126	
104	20554	56445	11746	173162	171331	173162	
107	20685	64552	12211	175875	175923	175875	
110	19838	60584	11869	177023	177519	177023	
113	21921	58306	12276	179393	182843	179393	
116	20686	58622	12050	175331	176261	175331	
119	22534	61454	12387	182263	183093	182263	
122	21288	61321	12885	190309	184919	190309	
125	22641	65599	13448	193023	189514	193023	
128	21829	64482	13222	190286	199755	190286	
131	22782	62227	12808	191599	191668	191599	
134	31053	85666	15939	246253	245402	246253	
137	24834	71917	14212	209150	218900	209150	
140	23970	72451	14295	210688	213937	210688	
143	25090	73575	14374	210821	212586	210821	
146	25454	78111	15315	225205	220507	225205	
149	26056	81051	15584	232722	232575	232722	
152	27233	74700	16682	231606	234372	231606	
155	31812	80592	16300	243132	246020	243132	
158	27658	86169	17427	244962	240222	244962	
161	30513	88419	17663	254306	258169	254306	
164	29688	87186	18093	260377	258785	260377	
167	29704	94980	18219	264221	269428	264221	
170	30228	91431	17622	270137	265176	270137	
173	31142	98665	18311	272300	279256	272300	
176	32766	100781	18362	277381	282333	277381	
179	32518	97656	18566	280708	286083	280708	
182	33801	101985	20005	282496	286751	282496	
185	32963	104080	20037	294230	297426	294230	
188	36266	116727	20705	300606	306434	300606	
191	34710	118818	21012	298817	300949	298817	
194	34388	105960	21606	304360	299649	304360	
197	35664	105297	22169	315309	311598	315309	
200	40432	117837	22370	335222	330398	335222	
203	36669	104921	20811	314925	314428	314925	
206	36209	109231	21666	321504	321202	321504	
209	38937	117936	21950	331998	329335	331998	
212	39983	111613	22965	345204	341565	345204	
215	38662	117966	22553	337547	337049	337547	
218	39763	117992	23183	345611	346734	345611	
221	39833	110490	22663	343345	344292	343345	
224	39610	117406	23126	346238	352698	346238	
227	42291	133890	24111	372759	370952	372759	
230	41246	116054	24342	348199	366568	348199	
233	43234	124861	24391	358806	373777	358806	
236	43887	132501	25238	376723	378744	376723	
239	41886	120618	25321	366646	365982	366646	
242	42829	126098	24933	371207	373118	371207	
245	44060	129627	26530	383057	384321	383057	
248	46600	131426	26509	391010	393853	391010	
251	43687	127262	26940	377632	378005	377632	
254	46173	134114	25182	379866	388278	379866	
257	45710	131701	26247	386362	387629	386362	
260	44819	127583	26369	391170	386631	391170	
263	44534	128985	26985	387253	397366	387253	
266	46897	138975	26685	402513	399847	402513	
269	47669	143978	27274	412613	405171	412613	
272	47133	133252	26357	404017	402403	404017	
275	49572	146457	28651	421389	404767	421389	
278	48467	141206	28625	418225	423917	418225	
281	47673	150176	28479	429871	425809	429871	
284	47012	145117	28629	430747	422524	430747	
287	58574	158915	32219	484671	486091	484671	
290	57676	151707	31436	472951	474887	472951	
293	49585	147153	28917	429841	427541	429841	
296	51545	147932	30211	446604	436830	446604	
299	54194	155697	29999	453939	457219	453939	
302	51847	145733	30504	445539	446890	445539	
305	51175	159348	30941	448351	455622	448351	
308	51716	150634	30191	452203	448974	452203	
311	53792	152598	31714	463499	467861	463499	
314	53803	160268	32068	470654	468250	470654	
317	55638	168922	31535	465867	479821	465867	
320	54424	162933	32068	481601	472397	481601	
323	60392	178736	34166	501172	504241	501172	
326	58722	171770	34196	498849	503531	498849	
329	58499	166116	32749	488410	493961	488410	
332	60221	168315	34583	493824	504334	493824	
335	58308	173537	35550	509733	509366	509733	
338	59700	165479	34932	514591	507567	514591	
341	65061	181947	36291	511528	510889	511528	
344	60822	184274	35250	526588	531820	526588	
347	61369	170824	36236	513814	525774	513814	
350	62149	179767	36528	534537	528156	534537	
353	60557	177260	36166	529572	530991	529572	
356	62835	191708	35793	545176	550664	545176	
359	63450	201605	38099	545846	550195	545846	
362	62363	179246	36319	545169	550855	545169	
365	63582	204730	37230	567455	565264	567455	
368	63304	192618	38744	563475	556551	563475	
371	62970	187047	37406	560747	566477	560747	
374	63851	188133	38110	565863	564543	565863	
377	66104	203535	37422	576113	569980	576113	
380	70984	199996	39546	583905	577885	583905	
383	68636	197778	39571	585521	593026	585521	
386	75233	220164	41123	637940	637058	637940	
389	68764	205371	39859	607179	591756	607179	
392	67243	197949	40083	584872	597123	584872	
395	65630	203471	41127	600068	583301	600068	
398	68833	213317	42305	603803	589268	603803	
401	70317	205888	39510	599120	604191	599120	
404	70291	207545	42262	613331	609161	613331	
407	74350	215040	43340	625761	630279	625761	
410	70587	198215	42416	612916	613240	612916	
413	73873	217908	41827	630864	626365	630864	
416	73595	213589	44346	625348	635479	625348	
419	72819	216450	43712	624099	618637	624099	
422	73644	209419	42881	623377	621857	623377	
425	71273	205820	43889	614026	628229	614026	
428	78353	225939	43244	644277	633682	644277	
431	72026	217626	42262	642878	635415	642878	
434	75403	228822	44115	637784	650710	637784	
437	76338	229852	42649	645550	654995	645550	
440	76940	216041	44759	650743	657613	650743	
443	76316	226051	45422	652901	644260	652901	
446	77223	242491	44834	672014	665854	672014	
449	73747	215484	43970	657025	654033	657025	
452	74777	222996	43854	663371	657144	663371	
455	75711	224931	43087	656464	663201	656464	
458	78703	229566	44029	658182	678506	658182	
461	80292	237009	45137	688243	686056	688243	
464	77379	225295	45782	677328	680209	677328	
467	97152	271353	51885	791471	780458	791471	
470	82062	239484	49054	681016	691870	681016	
473	79197	244222	46713	699814	700579	699814	
476	82346	237622	48027	692328	690225	692328	
479	77780	237950	47980	687250	695132	687250	
482	89177	233442	48836	704915	703239	704915	
485	81574	234575	48278	707836	694803	707836	
488	81308	235682	47303	708660	702566	708660	
491	82237	244798	47834	715861	735320	715861	
494	84457	235311	48277	704584	702773	704584	
497	80539	245613	46957	709660	702107	709660	
